fecha,muertes,total,dia,casos_nuevos,casos_activos,recuperados
2020-03-06,0,1,0,1,1,0
2020-03-09,0,3,3,2,3,0
2020-03-11,0,9,5,6,9,0
2020-03-12,0,13,6,4,13,0
2020-03-13,0,16,7,3,16,0
2020-03-14,0,24,8,8,24,0
2020-03-15,0,45,9,21,45,0
2020-03-16,0,57,10,12,56,1
2020-03-17,0,75,11,18,74,1
2020-03-18,0,102,12,27,101,1
2020-03-19,0,128,13,26,127,1
2020-03-20,0,175,14,47,174,1
2020-03-21,1,210,15,35,206,3
